4+1+I[[00000000000020651597[[[[6[1[[[[[[[[[[
4+1+I[[00000000000012953424[[[[1[0[[[[[[[[[[
4+1+I[[00000000000090000001[[[[6[1[[[[[[[[[[
4+1+I[[00000000000090000002[[[[1[1[[[[[[[[[[
4+1+I[[00000000000000020592[[[[1[1[[[[[[[[[[
4+1+I[[00000000000000021091[[[[1[1[[[[[[[[[[
4+1+I[[00000000000000020941[[[[1[1[[[[[[[[[[
4+1+I[[00000000000000020870[[[[1[1[[[[[[[[[[
4+1+I[[00000000000000021027[[[[1[1[[[[[[[[[[
4+1+I[[00000000000000020825[[[[1[1[[[[[[[[[[
4+1+I[[00000000000000020777[[[[1[1[[[[[[[[[[
4+1+I[[00000000000000021074[[[[1[1[[[[[[[[[[
4+1+I[[00000000000000020720[[[[1[1[[[[[[[[[[
4+1+I[[00000000000000020848[[[[1[1[[[[[[[[[[
4+1+I[[00000000000000021110[[[[1[1[[[[[[[[[[
4+1+I[[00000000000000020887[[[[1[1[[[[[[[[[[
4+1+I[[00000000000000021152[[[[1[1[[[[[[[[[[
4+1+I[[00000000000000020792[[[[1[1[[[[[[[[[[
4+1+I[[00000000000000020853[[[[1[1[[[[[[[[[[
4+1+I[[00000000000000021015[[[[1[1[[[[[[[[[[
4+1+I[[00000000000000020794[[[[1[1[[[[[[[[[[
4+1+I[[00000000000000020890[[[[1[1[[[[[[[[[[
4+1+I[[00000000000000021098[[[[1[1[[[[[[[[[[
4+1+I[[00000000000000020546[[[[1[1[[[[[[[[[[
4+1+I[[00000000000000020793[[[[1[1[[[[[[[[[[
4+1+I[[00000000000000021159[[[[1[1[[[[[[[[[[
4+1+I[[00000000000000021029[[[[1[1[[[[[[[[[[
4+1+I[[00000000000000020797[[[[1[1[[[[[[[[[[
4+1+I[[00000000000000021148[[[[1[1[[[[[[[[[[
4+1+I[[00000000000000020939[[[[1[1[[[[[[[[[[
4+1+I[[00000000000000020947[[[[1[1[[[[[[[[[[
4+1+I[[00000000000000021006[[[[1[1[[[[[[[[[[
4+1+I[[00000000000000020951[[[[1[1[[[[[[[[[[
4+1+I[[00000000000000020809[[[[1[1[[[[[[[[[[
4+1+I[[00000000000000021101[[[[1[1[[[[[[[[[[
4+1+I[[00000000000000020822[[[[1[1[[[[[[[[[[
4+1+I[[00000000000000020834[[[[1[1[[[[[[[[[[
4+1+I[[00000000000000020646[[[[1[1[[[[[[[[[[
4+1+I[[00000000000000020901[[[[1[1[[[[[[[[[[
4+1+I[[00000000000000020622[[[[1[1[[[[[[[[[[
4+1+I[[00000000000000020849[[[[1[1[[[[[[[[[[
4+1+I[[00000000000000021041[[[[1[1[[[[[[[[[[
4+1+I[[00000000000000020613[[[[1[1[[[[[[[[[[
4+1+I[[00000000000000021052[[[[1[1[[[[[[[[[[
4+1+I[[00000000000000020557[[[[1[1[[[[[[[[[[
4+1+I[[00000000000000020957[[[[1[1[[[[[[[[[[
4+1+I[[00000000000000020560[[[[1[1[[[[[[[[[[
4+1+I[[00000000000000020864[[[[1[1[[[[[[[[[[
4+1+I[[00000000000000020883[[[[1[1[[[[[[[[[[
4+1+I[[00000000000000020811[[[[1[1[[[[[[[[[[
4+1+I[[00000000000000021108[[[[1[1[[[[[[[[[[
4+1+I[[00000000000000021127[[[[1[1[[[[[[[[[[
4+1+I[[00000000000000020846[[[[1[1[[[[[[[[[[
4+1+I[[00000000000000020975[[[[1[1[[[[[[[[[[
4+1+I[[00000000000000021043[[[[1[1[[[[[[[[[[
4+1+I[[00000000000000021142[[[[1[1[[[[[[[[[[
4+1+I[[00000000000000020933[[[[1[1[[[[[[[[[[
4+1+I[[00000000000000020555[[[[1[1[[[[[[[[[[
4+1+I[[00000000000000020569[[[[1[1[[[[[[[[[[
4+1+I[[00000000000000020996[[[[1[1[[[[[[[[[[
4+1+I[[00000000000000021026[[[[1[1[[[[[[[[[[
4+1+I[[00000000000000020950[[[[1[1[[[[[[[[[[
4+1+I[[00000000000000021123[[[[1[1[[[[[[[[[[
4+1+I[[00000000000000021038[[[[1[1[[[[[[[[[[
4+1+I[[00000000000000020559[[[[1[1[[[[[[[[[[
4+1+I[[00000000000000021089[[[[1[1[[[[[[[[[[
4+1+I[[00000000000000021045[[[[1[1[[[[[[[[[[
4+1+I[[00000000000000021109[[[[1[1[[[[[[[[[[
4+1+I[[00000000000000021136[[[[1[1[[[[[[[[[[
4+1+I[[00000000000000020549[[[[1[1[[[[[[[[[[
4+1+I[[00000000000000021155[[[[1[1[[[[[[[[[[
4+1+I[[00000000000000021140[[[[1[1[[[[[[[[[[
4+1+I[[00000000000000020698[[[[1[1[[[[[[[[[[
4+1+I[[00000000000000021130[[[[1[1[[[[[[[[[[
4+1+I[[00000000000000020889[[[[1[1[[[[[[[[[[
4+1+I[[00000000000000021158[[[[1[1[[[[[[[[[[
4+1+I[[00000000000000020929[[[[1[1[[[[[[[[[[
4+1+I[[00000000000000020717[[[[1[1[[[[[[[[[[
4+1+I[[00000000000000020624[[[[1[1[[[[[[[[[[
4+1+I[[00000000000000021037[[[[1[1[[[[[[[[[[
4+1+I[[00000000000000020835[[[[1[1[[[[[[[[[[
4+1+I[[00000000000000020803[[[[1[1[[[[[[[[[[
4+1+I[[00000000000000021088[[[[1[1[[[[[[[[[[
4+1+I[[00000000000000020630[[[[1[1[[[[[[[[[[
4+1+I[[00000000000000021157[[[[1[1[[[[[[[[[[
4+1+I[[00000000000000020997[[[[1[1[[[[[[[[[[
4+1+I[[00000000000000020584[[[[1[1[[[[[[[[[[
4+1+I[[00000000000000021035[[[[1[1[[[[[[[[[[
4+1+I[[00000000000000020796[[[[1[1[[[[[[[[[[
4+1+I[[00000000000000020918[[[[1[1[[[[[[[[[[
4+1+I[[00000000000000021129[[[[1[1[[[[[[[[[[
4+1+I[[00000000000000021061[[[[1[1[[[[[[[[[[
4+1+I[[00000000000000020671[[[[1[1[[[[[[[[[[
4+1+I[[00000000000000020816[[[[1[1[[[[[[[[[[
4+1+I[[00000000000000020869[[[[1[1[[[[[[[[[[
4+1+I[[00000000000000020801[[[[1[1[[[[[[[[[[
4+1+I[[00000000000000021132[[[[1[1[[[[[[[[[[
4+1+I[[00000000000000020406[[[[1[1[[[[[[[[[[
4+1+I[[00000000000000021138[[[[1[1[[[[[[[[[[
4+1+I[[00000000000000020891[[[[1[1[[[[[[[[[[
4+1+I[[00000000000000021083[[[[1[1[[[[[[[[[[
4+1+I[[00000000000000020943[[[[1[1[[[[[[[[[[
4+1+I[[00000000000000020998[[[[1[1[[[[[[[[[[
4+1+I[[00000000000000020556[[[[1[1[[[[[[[[[[
4+1+I[[00000000000000020668[[[[1[1[[[[[[[[[[
4+1+I[[00000000000000021096[[[[1[1[[[[[[[[[[
4+1+I[[00000000000000020830[[[[1[1[[[[[[[[[[
4+1+I[[00000000000000020892[[[[1[1[[[[[[[[[[
4+1+I[[00000000000000021121[[[[1[1[[[[[[[[[[
4+1+I[[00000000000000020881[[[[1[1[[[[[[[[[[
4+1+I[[00000000000000020968[[[[1[1[[[[[[[[[[
4+1+I[[00000000000000020855[[[[1[1[[[[[[[[[[
4+1+I[[00000000000000020798[[[[1[1[[[[[[[[[[
4+1+I[[00000000000000021040[[[[1[1[[[[[[[[[[
4+1+I[[00000000000000020686[[[[1[1[[[[[[[[[[
4+1+I[[00000000000000021139[[[[1[1[[[[[[[[[[
4+1+I[[00000000000000020605[[[[1[1[[[[[[[[[[
4+1+I[[00000000000000020823[[[[1[1[[[[[[[[[[
4+1+I[[00000000000000020588[[[[1[1[[[[[[[[[[
4+1+I[[00000000000000020852[[[[1[1[[[[[[[[[[
4+1+I[[00000000000000021012[[[[1[1[[[[[[[[[[
4+1+I[[00000000000000021031[[[[1[1[[[[[[[[[[
4+1+I[[00000000000000020898[[[[1[1[[[[[[[[[[
4+1+I[[00000000000000020799[[[[1[1[[[[[[[[[[
4+1+I[[00000000000000020930[[[[1[1[[[[[[[[[[
4+1+I[[00000000000000021017[[[[1[1[[[[[[[[[[
4+1+I[[00000000000000021102[[[[1[1[[[[[[[[[[
4+1+I[[00000000000000021079[[[[1[1[[[[[[[[[[
4+1+I[[00000000000000020985[[[[1[1[[[[[[[[[[
4+1+I[[00000000000000020774[[[[1[1[[[[[[[[[[
4+1+I[[00000000000000021034[[[[1[1[[[[[[[[[[
4+1+I[[00000000000000021116[[[[1[1[[[[[[[[[[
4+1+I[[00000000000000021075[[[[1[1[[[[[[[[[[
4+1+I[[00000000000000020843[[[[1[1[[[[[[[[[[
4+1+I[[00000000000000020970[[[[1[1[[[[[[[[[[
4+1+I[[00000000000000020966[[[[1[1[[[[[[[[[[
4+1+I[[00000000000000021163[[[[1[1[[[[[[[[[[
4+1+I[[00000000000000020810[[[[1[1[[[[[[[[[[
4+1+I[[00000000000000020934[[[[1[1[[[[[[[[[[
4+1+I[[00000000000000020795[[[[1[1[[[[[[[[[[
4+1+I[[00000000000000020607[[[[1[1[[[[[[[[[[
4+1+I[[00000000000000020815[[[[1[1[[[[[[[[[[
4+1+I[[00000000000000020733[[[[1[1[[[[[[[[[[
4+1+I[[00000000000000020627[[[[1[1[[[[[[[[[[
4+1+I[[00000000000000021119[[[[1[1[[[[[[[[[[
4+1+I[[00000000000000021154[[[[1[1[[[[[[[[[[
4+1+I[[00000000000000021082[[[[1[1[[[[[[[[[[
4+1+I[[00000000000000020841[[[[1[1[[[[[[[[[[
4+1+I[[00000000000000020680[[[[1[1[[[[[[[[[[
4+1+I[[00000000000000021143[[[[1[1[[[[[[[[[[
4+1+I[[00000000000000020558[[[[1[1[[[[[[[[[[
4+1+I[[00000000000000020574[[[[1[1[[[[[[[[[[
4+1+I[[00000000000000020602[[[[1[1[[[[[[[[[[
4+1+I[[00000000000000021153[[[[1[1[[[[[[[[[[
4+1+I[[00000000000000021032[[[[1[1[[[[[[[[[[
4+1+I[[00000000000000020561[[[[1[1[[[[[[[[[[
4+1+I[[00000000000000021122[[[[1[1[[[[[[[[[[
4+1+I[[00000000000000021150[[[[1[1[[[[[[[[[[
4+1+I[[00000000000000020545[[[[1[1[[[[[[[[[[
4+1+I[[00000000000000020541[[[[1[1[[[[[[[[[[
4+1+I[[00000000000000020821[[[[1[1[[[[[[[[[[
4+1+I[[00000000000000021064[[[[1[1[[[[[[[[[[
4+1+I[[00000000000000020567[[[[1[1[[[[[[[[[[
4+1+I[[00000000000000020542[[[[1[1[[[[[[[[[[
4+1+I[[00000000000000020609[[[[1[1[[[[[[[[[[
4+1+I[[00000000000000021025[[[[1[1[[[[[[[[[[
4+1+I[[00000000000000021066[[[[1[1[[[[[[[[[[
4+1+I[[00000000000000020910[[[[1[1[[[[[[[[[[
4+1+I[[00000000000000020865[[[[1[1[[[[[[[[[[
4+1+I[[00000000000000020888[[[[1[1[[[[[[[[[[
4+1+I[[00000000000000021059[[[[1[1[[[[[[[[[[
4+1+I[[00000000000000020667[[[[1[1[[[[[[[[[[
4+1+I[[00000000000000020580[[[[1[1[[[[[[[[[[
4+1+I[[00000000000000020857[[[[1[1[[[[[[[[[[
4+1+I[[00000000000000020562[[[[1[1[[[[[[[[[[
4+1+I[[00000000000000020618[[[[1[1[[[[[[[[[[
4+1+I[[00000000000000020885[[[[1[1[[[[[[[[[[
4+1+I[[00000000000000020828[[[[1[1[[[[[[[[[[
4+1+I[[00000000000000021085[[[[1[1[[[[[[[[[[
4+1+I[[00000000000000020839[[[[1[1[[[[[[[[[[
4+1+I[[00000000000000021062[[[[1[1[[[[[[[[[[
4+1+I[[00000000000000021023[[[[1[1[[[[[[[[[[
4+1+I[[00000000000000021100[[[[1[1[[[[[[[[[[
4+1+I[[00000000000000021054[[[[1[1[[[[[[[[[[
4+1+I[[00000000000000021156[[[[1[1[[[[[[[[[[
4+1+I[[00000000000000020861[[[[1[1[[[[[[[[[[
4+1+I[[00000000000000021126[[[[1[1[[[[[[[[[[
4+1+I[[00000000000000020643[[[[1[1[[[[[[[[[[
4+1+I[[00000000000000020868[[[[1[1[[[[[[[[[[
4+1+I[[00000000000000020597[[[[1[1[[[[[[[[[[
4+1+I[[00000000000000021076[[[[1[1[[[[[[[[[[
4+1+I[[00000000000000021069[[[[1[1[[[[[[[[[[
4+1+I[[00000000000000021117[[[[1[1[[[[[[[[[[
4+1+I[[00000000000000020576[[[[1[1[[[[[[[[[[
4+1+I[[00000000000000021080[[[[1[1[[[[[[[[[[
4+1+I[[00000000000000021065[[[[1[1[[[[[[[[[[
4+1+I[[00000000000000020989[[[[1[1[[[[[[[[[[
4+1+I[[00000000000000020614[[[[1[1[[[[[[[[[[
4+1+I[[00000000000000020909[[[[1[1[[[[[[[[[[
4+1+I[[00000000000000020937[[[[1[1[[[[[[[[[[
4+1+I[[00000000000000021014[[[[1[1[[[[[[[[[[
4+1+I[[00000000000000020781[[[[1[1[[[[[[[[[[
4+1+I[[00000000000000021104[[[[1[1[[[[[[[[[[
4+1+I[[00000000000000020860[[[[1[1[[[[[[[[[[
4+1+I[[00000000000000021151[[[[1[1[[[[[[[[[[
4+1+I[[00000000000000020838[[[[1[1[[[[[[[[[[
4+1+I[[00000000000000020938[[[[1[1[[[[[[[[[[
4+1+I[[00000000000000020590[[[[1[1[[[[[[[[[[
4+1+I[[00000000000000020648[[[[1[1[[[[[[[[[[
4+1+I[[00000000000000020628[[[[1[1[[[[[[[[[[
4+1+I[[00000000000000021099[[[[1[1[[[[[[[[[[
4+1+I[[00000000000000020812[[[[1[1[[[[[[[[[[
4+1+I[[00000000000000021020[[[[1[1[[[[[[[[[[
4+1+I[[00000000000000020946[[[[1[1[[[[[[[[[[
4+1+I[[00000000000000020808[[[[1[1[[[[[[[[[[
4+1+I[[00000000000000021024[[[[1[1[[[[[[[[[[
4+1+I[[00000000000000020981[[[[1[1[[[[[[[[[[
4+1+I[[00000000000000020548[[[[1[1[[[[[[[[[[
4+1+I[[00000000000000021072[[[[1[1[[[[[[[[[[
4+1+I[[00000000000000020694[[[[1[1[[[[[[[[[[
4+1+I[[00000000000000021071[[[[1[1[[[[[[[[[[
4+1+I[[00000000000000021135[[[[1[1[[[[[[[[[[
4+1+I[[00000000000000021053[[[[1[1[[[[[[[[[[
4+1+I[[00000000000000021113[[[[1[1[[[[[[[[[[
4+1+I[[00000000000000020814[[[[1[1[[[[[[[[[[
4+1+I[[00000000000000020851[[[[1[1[[[[[[[[[[
4+1+I[[00000000000000020923[[[[1[1[[[[[[[[[[
4+1+I[[00000000000000020984[[[[1[1[[[[[[[[[[
4+1+I[[00000000000000021056[[[[1[1[[[[[[[[[[
4+1+I[[00000000000000020904[[[[1[1[[[[[[[[[[
4+1+I[[00000000000000021067[[[[1[1[[[[[[[[[[
4+1+I[[00000000000000021106[[[[1[1[[[[[[[[[[
4+1+I[[00000000000000020581[[[[1[1[[[[[[[[[[
4+1+I[[00000000000000020907[[[[1[1[[[[[[[[[[
4+1+I[[00000000000000021087[[[[1[1[[[[[[[[[[
4+1+I[[00000000000000020565[[[[1[1[[[[[[[[[[
4+1+I[[00000000000000020644[[[[1[1[[[[[[[[[[
4+1+I[[00000000000000021005[[[[1[1[[[[[[[[[[
4+1+I[[00000000000000021055[[[[1[1[[[[[[[[[[
4+1+I[[00000000000000021144[[[[1[1[[[[[[[[[[
4+1+I[[00000000000000020647[[[[1[1[[[[[[[[[[
4+1+I[[00000000000000020928[[[[1[1[[[[[[[[[[
4+1+I[[00000000000000020840[[[[1[1[[[[[[[[[[
4+1+I[[00000000000000020847[[[[1[1[[[[[[[[[[
4+1+I[[00000000000000020927[[[[1[1[[[[[[[[[[
4+1+I[[00000000000000021073[[[[1[1[[[[[[[[[[
4+1+I[[00000000000000020570[[[[1[1[[[[[[[[[[
4+1+I[[00000000000000021044[[[[1[1[[[[[[[[[[
4+1+I[[00000000000000020948[[[[1[1[[[[[[[[[[
4+1+I[[00000000000000020858[[[[1[1[[[[[[[[[[
4+1+I[[00000000000000020949[[[[1[1[[[[[[[[[[
4+1+I[[00000000000000021081[[[[1[1[[[[[[[[[[
4+1+I[[00000000000000020601[[[[1[1[[[[[[[[[[
4+1+I[[00000000000000021124[[[[1[1[[[[[[[[[[
4+1+I[[00000000000000021162[[[[1[1[[[[[[[[[[
4+1+I[[00000000000000021060[[[[1[1[[[[[[[[[[
4+1+I[[00000000000000020568[[[[1[1[[[[[[[[[[
4+1+I[[00000000000000020854[[[[1[1[[[[[[[[[[
4+1+I[[00000000000000021128[[[[1[1[[[[[[[[[[
4+1+I[[00000000000000020965[[[[1[1[[[[[[[[[[
4+1+I[[00000000000000020621[[[[1[1[[[[[[[[[[
4+1+I[[00000000000000021078[[[[1[1[[[[[[[[[[
4+1+I[[00000000000000021058[[[[1[1[[[[[[[[[[
4+1+I[[00000000000000021111[[[[1[1[[[[[[[[[[
4+1+I[[00000000000000021095[[[[1[1[[[[[[[[[[
4+1+I[[00000000000000021090[[[[1[1[[[[[[[[[[
4+1+I[[00000000000000021010[[[[1[1[[[[[[[[[[
4+1+I[[00000000000000021086[[[[1[1[[[[[[[[[[
4+1+I[[00000000000000021033[[[[1[1[[[[[[[[[[
4+1+I[[00000000000000021118[[[[1[1[[[[[[[[[[
4+1+I[[00000000000000021097[[[[1[1[[[[[[[[[[
4+1+I[[00000000000000021063[[[[1[1[[[[[[[[[[
4+1+I[[00000000000000020721[[[[1[1[[[[[[[[[[
4+1+I[[00000000000000020952[[[[1[1[[[[[[[[[[
4+1+I[[00000000000000020708[[[[1[1[[[[[[[[[[
4+1+I[[00000000000000021141[[[[1[1[[[[[[[[[[
4+1+I[[00000000000000021018[[[[1[1[[[[[[[[[[
4+1+I[[00000000000000021046[[[[1[1[[[[[[[[[[
4+1+I[[00000000000000020773[[[[1[1[[[[[[[[[[
4+1+I[[00000000000000020802[[[[1[1[[[[[[[[[[
4+1+I[[00000000000000020925[[[[1[1[[[[[[[[[[
4+1+I[[00000000000000021030[[[[1[1[[[[[[[[[[
4+1+I[[00000000000000020629[[[[1[1[[[[[[[[[[
4+1+I[[00000000000000020837[[[[1[1[[[[[[[[[[
4+1+I[[00000000000000020986[[[[1[1[[[[[[[[[[
4+1+I[[00000000000000020662[[[[1[1[[[[[[[[[[
4+1+I[[00000000000000020866[[[[1[1[[[[[[[[[[
4+1+I[[00000000000000020538[[[[1[1[[[[[[[[[[
4+1+I[[00000000000000021002[[[[1[1[[[[[[[[[[
4+1+I[[00000000000000020819[[[[1[1[[[[[[[[[[
4+1+I[[00000000000000020827[[[[1[1[[[[[[[[[[
4+1+I[[00000000000000020829[[[[1[1[[[[[[[[[[
4+1+I[[00000000000000021115[[[[1[1[[[[[[[[[[
4+1+I[[00000000000000020589[[[[1[1[[[[[[[[[[
4+1+I[[00000000000000020960[[[[1[1[[[[[[[[[[
4+1+I[[00000000000000021092[[[[1[1[[[[[[[[[[
4+1+I[[00000000000000021137[[[[1[1[[[[[[[[[[
4+1+I[[00000000000000021160[[[[1[1[[[[[[[[[[
4+1+I[[00000000000000021049[[[[1[1[[[[[[[[[[
4+1+I[[00000000000000020595[[[[1[1[[[[[[[[[[
4+1+I[[00000000000000021161[[[[1[1[[[[[[[[[[
4+1+I[[00000000000000020969[[[[1[1[[[[[[[[[[
4+1+I[[00000000000000020653[[[[1[1[[[[[[[[[[
4+1+I[[00000000000000020726[[[[1[1[[[[[[[[[[
4+1+I[[00000000000000021039[[[[1[1[[[[[[[[[[
4+1+I[[00000000000000020540[[[[1[1[[[[[[[[[[
4+1+I[[00000000000000020886[[[[1[1[[[[[[[[[[
4+1+I[[00000000000000021120[[[[1[1[[[[[[[[[[
4+1+I[[00000000000000021094[[[[1[1[[[[[[[[[[
4+1+I[[00000000000000021011[[[[1[1[[[[[[[[[[
4+1+I[[00000000000000021057[[[[1[1[[[[[[[[[[
4+1+I[[00000000000000021149[[[[1[1[[[[[[[[[[
4+1+I[[00000000000000020817[[[[1[1[[[[[[[[[[
4+1+I[[00000000000000020831[[[[1[1[[[[[[[[[[
4+1+I[[00000000000000020836[[[[1[1[[[[[[[[[[
4+1+I[[00000000000000020820[[[[1[1[[[[[[[[[[
4+1+I[[00000000000000021013[[[[1[1[[[[[[[[[[
4+1+I[[00000000000000021146[[[[1[1[[[[[[[[[[
4+1+I[[00000000000000020913[[[[1[1[[[[[[[[[[
4+1+I[[00000000000000020685[[[[1[1[[[[[[[[[[
4+1+I[[00000000000000021068[[[[1[1[[[[[[[[[[
4+1+I[[00000000000000021125[[[[1[1[[[[[[[[[[
4+1+I[[00000000000000021016[[[[1[1[[[[[[[[[[
4+1+I[[00000000000000021042[[[[1[1[[[[[[[[[[
4+1+I[[00000000000000020665[[[[1[1[[[[[[[[[[
4+1+I[[00000000000000021021[[[[1[1[[[[[[[[[[
4+1+I[[00000000000000020922[[[[1[1[[[[[[[[[[
4+1+I[[00000000000000021145[[[[1[1[[[[[[[[[[
4+1+I[[00000000000000021047[[[[1[1[[[[[[[[[[
4+1+I[[00000000000000020807[[[[1[1[[[[[[[[[[
4+1+I[[00000000000000021112[[[[1[1[[[[[[[[[[
4+1+I[[00000000000000021019[[[[1[1[[[[[[[[[[
4+1+I[[00000000000000020833[[[[1[1[[[[[[[[[[
4+1+I[[00000000000000021134[[[[1[1[[[[[[[[[[
4+1+I[[00000000000000021105[[[[1[1[[[[[[[[[[
4+1+I[[00000000000000021147[[[[1[1[[[[[[[[[[
4+1+I[[00000000000000020639[[[[1[1[[[[[[[[[[
