0000000001 095 00000000000000000000 01/01/2014 00:02:02 0 0 0
0000000002 095 00000000000000000000 01/01/2014 00:02:06 0 0 0
0000000003 001 00000000000014116122 01/01/2014 00:02:13 3 0 2
0000000004 001 00000000000014046009 01/01/2014 00:03:01 1 0 1
0000000005 001 00000000000014046009 01/01/2014 00:03:12 1 0 1
0000000006 001 00000000000012953424 01/01/2014 00:04:21 1 0 1
0000000007 003 00000000000012953424 01/01/2014 00:04:28 3 0 2
0000000008 001 00000000000012953424 01/01/2014 00:04:32 3 0 2
0000000009 001 00000000000012953424 01/01/2014 00:04:35 3 0 2
0000000010 001 00000000000090000002 01/01/2014 00:05:20 1 0 5
0000000011 001 00000000000000020592 13/04/2016 15:18:08 1 0 5
0000000012 001 00000000000000021091 13/04/2016 15:18:19 1 0 5
